# Module Row Column Layer  Side  Strip  Offset
       0   0      0     0     0      0    -258
       0   0      0     0     0      1    -258
       0   0      0     0     0      2    -258
       0   0      0     0     0      3    -261
       0   0      0     0     0      4    -259
       0   0      0     0     0      6    -263
       0   0      0     0     0      7    -261
       0   0      0     0     0      8    -263
       0   0      0     0     0      9    -262
       0   0      0     0     0     10    -261
       0   0      0     0     0     11    -264
       0   0      0     0     0     12    -266
       0   0      0     0     0     14    -261
       0   0      0     0     0     15    -259
       0   0      0     0     0     16    -262
       0   0      0     0     0     17    -257
       0   0      0     0     0     18    -254
       0   0      0     0     0     19    -262
       0   0      0     0     0     20    -262
       0   0      0     0     0     22    -263
       0   0      0     0     0     23    -258
       0   0      0     0     0     24    -255
       0   0      0     0     0     25    -263
       0   0      0     0     0     26    -253
       0   0      0     0     0     27    -260
       0   0      0     0     0     28    -264
       0   0      0     0     0     29    -266
       0   0      0     0     0     30    -262
       0   0      0     0     0     31    -245
       0   0      0     0     0     32    -264
       0   0      0     0     0     35    -258
       0   0      0     0     0     36    -264
       0   0      0     0     0     37    -257
       0   0      0     0     0     38    -260
       0   0      0     0     0     39    -260
       0   0      0     0     0     40    -256
       0   0      0     0     0     41    -257
       0   0      0     0     0     42    -260
       0   0      0     0     0     43    -263
       0   0      0     0     0     44    -266
       0   0      0     0     0     45    -265
       0   0      0     0     0     46    -258
       0   0      0     0     0     47    -267
       0   0      0     0     0     48    -259
       0   0      0     0     0     49    -271
       0   0      0     0     0     50    -267
       0   0      0     0     0     52    -255
       0   0      0     0     0     53    -260
       0   0      0     0     0     56    -252
       0   0      0     0     1      0    -262
       0   0      0     0     1      1    -263
       0   0      0     0     1      2    -264
       0   0      0     0     1      3    -267
       0   0      0     0     1      5    -265
       0   0      0     0     1      6    -264
       0   0      0     0     1      7    -262
       0   0      0     0     1      8    -259
       0   0      0     0     1      9    -261
       0   0      0     0     1     10    -265
       0   0      0     0     1     13    -261
       0   0      0     0     1     15    -262
       0   0      0     0     1     16    -260
       0   0      0     0     1     17    -260
       0   0      0     0     1     18    -263
       0   0      0     0     1     19    -274
       0   0      0     0     1     20    -262
       0   0      0     0     1     21    -265
       0   0      0     0     1     24    -259
       0   0      0     0     1     25    -261
       0   0      0     0     1     27    -262
       0   0      0     0     1     28    -267
       0   0      0     0     1     29    -265
       0   0      0     0     1     30    -259
       0   0      0     0     1     31    -256
       0   0      0     0     1     32    -259
       0   0      0     0     1     33    -260
       0   0      0     0     1     35    -264
       0   0      0     0     1     36    -255
       0   0      0     0     1     37    -257
       0   0      0     0     1     38    -270
       0   0      0     0     1     39    -272
       0   0      0     0     1     40    -261
       0   0      0     0     1     41    -259
       0   0      0     0     1     42    -256
       0   0      0     0     1     43    -261
       0   0      0     0     1     46    -263
       0   0      0     0     1     48    -262
       0   0      0     0     1     49    -259
       0   0      0     0     1     50    -260
       0   0      0     0     1     51    -260
       0   0      0     0     1     52    -264
       0   0      0     0     1     53    -265
       0   0      0     0     1     54    -263
       0   0      0     0     1     55    -260
       0   0      0     0     1     56    -257
       0   0      0     0     1     57    -256
       0   0      0     0     1     59    -258
       0   0      0     1     0      0    -258
       0   0      0     1     0      3    -258
       0   0      0     1     0      4    -252
       0   0      0     1     0      6    -251
       0   0      0     1     0      7    -253
       0   0      0     1     0      8    -254
       0   0      0     1     0      9    -250
       0   0      0     1     0     10    -257
       0   0      0     1     0     11    -253
       0   0      0     1     0     12    -248
       0   0      0     1     0     13    -259
       0   0      0     1     0     14    -258
       0   0      0     1     0     15    -255
       0   0      0     1     0     16    -248
       0   0      0     1     0     17    -248
       0   0      0     1     0     18    -260
       0   0      0     1     0     19    -260
       0   0      0     1     0     20    -260
       0   0      0     1     0     21    -257
       0   0      0     1     0     22    -249
       0   0      0     1     0     23    -252
       0   0      0     1     0     25    -256
       0   0      0     1     0     26    -253
       0   0      0     1     0     27    -256
       0   0      0     1     0     28    -259
       0   0      0     1     0     29    -255
       0   0      0     1     0     30    -254
       0   0      0     1     0     31    -257
       0   0      0     1     0     32    -258
       0   0      0     1     0     33    -254
       0   0      0     1     0     34    -257
       0   0      0     1     0     35    -255
       0   0      0     1     0     36    -257
       0   0      0     1     0     37    -253
       0   0      0     1     0     38    -259
       0   0      0     1     0     39    -255
       0   0      0     1     0     40    -251
       0   0      0     1     0     45    -255
       0   0      0     1     0     46    -258
       0   0      0     1     0     47    -256
       0   0      0     1     0     48    -269
       0   0      0     1     0     50    -264
       0   0      0     1     0     51    -256
       0   0      0     1     0     52    -257
       0   0      0     1     0     53    -255
       0   0      0     1     0     56    -242
       0   0      0     1     1      1    -271
       0   0      0     1     1      3    -257
       0   0      0     1     1      4    -257
       0   0      0     1     1      5    -264
       0   0      0     1     1      6    -252
       0   0      0     1     1      7    -249
       0   0      0     1     1      8    -250
       0   0      0     1     1      9    -257
       0   0      0     1     1     10    -255
       0   0      0     1     1     11    -254
       0   0      0     1     1     12    -263
       0   0      0     1     1     13    -258
       0   0      0     1     1     14    -257
       0   0      0     1     1     16    -255
       0   0      0     1     1     17    -260
       0   0      0     1     1     18    -257
       0   0      0     1     1     19    -262
       0   0      0     1     1     20    -263
       0   0      0     1     1     21    -258
       0   0      0     1     1     22    -257
       0   0      0     1     1     23    -256
       0   0      0     1     1     24    -254
       0   0      0     1     1     25    -251
       0   0      0     1     1     26    -256
       0   0      0     1     1     27    -253
       0   0      0     1     1     28    -255
       0   0      0     1     1     29    -260
       0   0      0     1     1     30    -255
       0   0      0     1     1     32    -258
       0   0      0     1     1     33    -247
       0   0      0     1     1     34    -247
       0   0      0     1     1     35    -253
       0   0      0     1     1     38    -268
       0   0      0     1     1     39    -271
       0   0      0     1     1     40    -269
       0   0      0     1     1     41    -258
       0   0      0     1     1     42    -256
       0   0      0     1     1     43    -258
       0   0      0     1     1     44    -261
       0   0      0     1     1     46    -256
       0   0      0     1     1     47    -253
       0   0      0     1     1     48    -249
       0   0      0     1     1     49    -252
       0   0      0     1     1     50    -256
       0   0      0     1     1     51    -256
       0   0      0     1     1     52    -252
       0   0      0     1     1     53    -258
       0   0      0     1     1     54    -252
       0   0      0     1     1     55    -253
       0   0      0     1     1     56    -257
       0   0      0     1     1     57    -258
       0   0      0     1     1     58    -260
       0   0      0     1     1     59    -256
       0   0      0     1     1     60    -257
       0   0      0     2     0      0    -256
       0   0      0     2     0      1    -253
       0   0      0     2     0      2    -257
       0   0      0     2     0      3    -254
       0   0      0     2     0      4    -255
       0   0      0     2     0      5    -257
       0   0      0     2     0      6    -258
       0   0      0     2     0      7    -251
       0   0      0     2     0      9    -251
       0   0      0     2     0     10    -256
       0   0      0     2     0     13    -253
       0   0      0     2     0     15    -247
       0   0      0     2     0     16    -249
       0   0      0     2     0     17    -252
       0   0      0     2     0     19    -253
       0   0      0     2     0     20    -254
       0   0      0     2     0     21    -252
       0   0      0     2     0     22    -248
       0   0      0     2     0     23    -253
       0   0      0     2     0     24    -250
       0   0      0     2     0     26    -253
       0   0      0     2     0     27    -249
       0   0      0     2     0     30    -257
       0   0      0     2     0     31    -267
       0   0      0     2     0     32    -267
       0   0      0     2     0     33    -252
       0   0      0     2     0     34    -253
       0   0      0     2     0     35    -250
       0   0      0     2     0     36    -253
       0   0      0     2     0     37    -267
       0   0      0     2     0     39    -248
       0   0      0     2     0     40    -241
       0   0      0     2     0     41    -250
       0   0      0     2     0     42    -254
       0   0      0     2     0     43    -252
       0   0      0     2     0     44    -252
       0   0      0     2     0     47    -266
       0   0      0     2     1      0    -267
       0   0      0     2     1      1    -269
       0   0      0     2     1      2    -255
       0   0      0     2     1      3    -255
       0   0      0     2     1      4    -245
       0   0      0     2     1      6    -251
       0   0      0     2     1      8    -253
       0   0      0     2     1      9    -253
       0   0      0     2     1     10    -255
       0   0      0     2     1     12    -254
       0   0      0     2     1     13    -256
       0   0      0     2     1     14    -251
       0   0      0     2     1     15    -256
       0   0      0     2     1     16    -252
       0   0      0     2     1     17    -255
       0   0      0     2     1     18    -255
       0   0      0     2     1     20    -256
       0   0      0     2     1     21    -249
       0   0      0     2     1     22    -244
       0   0      0     2     1     23    -255
       0   0      0     2     1     24    -250
       0   0      0     2     1     25    -258
       0   0      0     2     1     26    -256
       0   0      0     2     1     27    -251
       0   0      0     2     1     28    -252
       0   0      0     2     1     29    -254
       0   0      0     2     1     30    -249
       0   0      0     2     1     31    -249
       0   0      0     2     1     32    -247
       0   0      0     2     1     33    -250
       0   0      0     2     1     34    -254
       0   0      0     2     1     35    -253
       0   0      0     2     1     36    -254
       0   0      0     2     1     37    -250
       0   0      0     2     1     38    -253
       0   0      0     2     1     39    -266
       0   0      0     2     1     40    -266
       0   0      0     2     1     41    -256
       0   0      0     2     1     43    -253
       0   0      0     2     1     44    -252
       0   0      0     2     1     45    -258
       0   0      0     2     1     46    -255
       0   0      0     3     0      1    -255
       0   0      0     3     0      2    -258
       0   0      0     3     0      3    -260
       0   0      0     3     0      5    -253
       0   0      0     3     0      6    -260
       0   0      0     3     0      7    -258
       0   0      0     3     0      8    -257
       0   0      0     3     0      9    -259
       0   0      0     3     0     10    -259
       0   0      0     3     0     11    -257
       0   0      0     3     0     12    -256
       0   0      0     3     0     13    -259
       0   0      0     3     0     14    -260
       0   0      0     3     0     15    -252
       0   0      0     3     0     16    -255
       0   0      0     3     0     17    -256
       0   0      0     3     0     18    -256
       0   0      0     3     0     19    -254
       0   0      0     3     0     20    -257
       0   0      0     3     0     21    -259
       0   0      0     3     0     22    -257
       0   0      0     3     0     23    -255
       0   0      0     3     0     24    -258
       0   0      0     3     0     25    -260
       0   0      0     3     0     26    -257
       0   0      0     3     0     27    -255
       0   0      0     3     0     28    -257
       0   0      0     3     0     29    -259
       0   0      0     3     0     30    -257
       0   0      0     3     0     31    -253
       0   0      0     3     0     32    -254
       0   0      0     3     0     33    -260
       0   0      0     3     0     34    -270
       0   0      0     3     0     35    -257
       0   0      0     3     0     36    -253
       0   0      0     3     0     37    -253
       0   0      0     3     0     39    -263
       0   0      0     3     0     40    -259
       0   0      0     3     0     41    -259
       0   0      0     3     0     42    -256
       0   0      0     3     0     43    -257
       0   0      0     3     0     44    -258
       0   0      0     3     0     45    -260
       0   0      0     3     0     46    -270
       0   0      0     3     0     47    -270
       0   0      0     3     0     48    -256
       0   0      0     3     0     49    -257
       0   0      0     3     0     50    -256
       0   0      0     3     0     51    -258
       0   0      0     3     0     52    -256
       0   0      0     3     0     53    -249
       0   0      0     3     0     54    -266
       0   0      0     3     0     56    -254
       0   0      0     3     0     57    -255
       0   0      0     3     1      0    -254
       0   0      0     3     1      1    -270
       0   0      0     3     1      2    -267
       0   0      0     3     1      3    -259
       0   0      0     3     1      4    -259
       0   0      0     3     1      5    -257
       0   0      0     3     1      6    -253
       0   0      0     3     1      7    -270
       0   0      0     3     1      8    -264
       0   0      0     3     1      9    -261
       0   0      0     3     1     10    -257
       0   0      0     3     1     11    -259
       0   0      0     3     1     12    -259
       0   0      0     3     1     13    -256
       0   0      0     3     1     14    -257
       0   0      0     3     1     15    -257
       0   0      0     3     1     16    -256
       0   0      0     3     1     17    -260
       0   0      0     3     1     18    -256
       0   0      0     3     1     19    -263
       0   0      0     3     1     20    -257
       0   0      0     3     1     21    -258
       0   0      0     3     1     22    -255
       0   0      0     3     1     23    -260
       0   0      0     3     1     24    -256
       0   0      0     3     1     25    -261
       0   0      0     3     1     26    -256
       0   0      0     3     1     27    -254
       0   0      0     3     1     28    -252
       0   0      0     3     1     29    -259
       0   0      0     3     1     30    -254
       0   0      0     3     1     31    -259
       0   0      0     3     1     32    -260
       0   0      0     3     1     33    -256
       0   0      0     3     1     34    -252
       0   0      0     3     1     35    -257
       0   0      0     3     1     36    -257
       0   0      0     3     1     37    -254
       0   0      0     3     1     38    -258
       0   0      0     3     1     39    -265
       0   0      0     3     1     40    -268
       0   0      0     3     1     41    -258
       0   0      0     3     1     42    -257
       0   0      0     3     1     43    -255
       0   0      0     3     1     44    -258
       0   0      0     3     1     45    -255
       0   0      0     3     1     46    -255
       0   0      0     3     1     47    -259
       0   0      0     3     1     48    -259
       0   0      0     3     1     50    -256
       0   0      0     3     1     51    -254
       0   0      0     3     1     52    -251
       0   0      0     3     1     53    -251
       0   0      0     3     1     54    -254
       0   0      0     3     1     55    -254
       0   0      0     3     1     56    -259
       0   0      0     3     1     57    -257
       0   0      0     3     1     58    -258
       0   0      0     3     1     59    -258
       0   0      0     3     1     60    -256
       0   0      0     4     0      1    -260
       0   0      0     4     0      2    -254
       0   0      0     4     0      3    -257
       0   0      0     4     0      4    -254
       0   0      0     4     0      6    -262
       0   0      0     4     0      8    -261
       0   0      0     4     0     10    -263
       0   0      0     4     0     11    -260
       0   0      0     4     0     12    -261
       0   0      0     4     0     14    -261
       0   0      0     4     0     15    -256
       0   0      0     4     0     16    -256
       0   0      0     4     0     17    -256
       0   0      0     4     0     18    -259
       0   0      0     4     0     19    -261
       0   0      0     4     0     20    -260
       0   0      0     4     0     21    -261
       0   0      0     4     0     23    -262
       0   0      0     4     0     24    -259
       0   0      0     4     0     25    -259
       0   0      0     4     0     26    -257
       0   0      0     4     0     27    -255
       0   0      0     4     0     28    -259
       0   0      0     4     0     29    -260
       0   0      0     4     0     30    -253
       0   0      0     4     0     32    -256
       0   0      0     4     0     33    -257
       0   0      0     4     0     34    -256
       0   0      0     4     0     35    -258
       0   0      0     4     0     38    -258
       0   0      0     4     0     39    -262
       0   0      0     4     0     40    -259
       0   0      0     4     0     41    -255
       0   0      0     4     0     42    -252
       0   0      0     4     0     43    -262
       0   0      0     4     0     44    -260
       0   0      0     4     0     46    -270
       0   0      0     4     0     47    -261
       0   0      0     4     0     48    -258
       0   0      0     4     0     49    -257
       0   0      0     4     0     50    -258
       0   0      0     4     0     51    -260
       0   0      0     4     0     52    -253
       0   0      0     4     0     53    -255
       0   0      0     4     0     54    -256
       0   0      0     4     0     56    -266
       0   0      0     4     1      0    -264
       0   0      0     4     1      1    -263
       0   0      0     4     1      2    -261
       0   0      0     4     1      3    -258
       0   0      0     4     1      4    -260
       0   0      0     4     1      5    -256
       0   0      0     4     1      6    -265
       0   0      0     4     1      8    -260
       0   0      0     4     1      9    -257
       0   0      0     4     1     10    -260
       0   0      0     4     1     11    -258
       0   0      0     4     1     12    -263
       0   0      0     4     1     13    -260
       0   0      0     4     1     14    -256
       0   0      0     4     1     15    -261
       0   0      0     4     1     16    -258
       0   0      0     4     1     17    -259
       0   0      0     4     1     18    -259
       0   0      0     4     1     19    -258
       0   0      0     4     1     20    -259
       0   0      0     4     1     21    -259
       0   0      0     4     1     23    -252
       0   0      0     4     1     24    -254
       0   0      0     4     1     25    -257
       0   0      0     4     1     26    -260
       0   0      0     4     1     27    -259
       0   0      0     4     1     28    -256
       0   0      0     4     1     29    -254
       0   0      0     4     1     30    -255
       0   0      0     4     1     31    -258
       0   0      0     4     1     32    -258
       0   0      0     4     1     33    -261
       0   0      0     4     1     34    -255
       0   0      0     4     1     35    -258
       0   0      0     4     1     36    -257
       0   0      0     4     1     37    -257
       0   0      0     4     1     38    -258
       0   0      0     4     1     39    -263
       0   0      0     4     1     40    -270
       0   0      0     4     1     41    -271
       0   0      0     4     1     42    -260
       0   0      0     4     1     43    -256
       0   0      0     4     1     45    -257
       0   0      0     4     1     46    -257
       0   0      0     4     1     48    -249
       0   0      0     4     1     50    -258
       0   0      0     4     1     52    -258
       0   0      0     4     1     53    -255
       0   0      0     4     1     56    -258
       0   0      0     4     1     57    -256
       0   0      0     4     1     58    -260
       0   0      0     4     1     59    -261
       0   0      0     4     1     60    -261
       0   0      0     5     0      0    -254
       0   0      0     5     0      1    -258
       0   0      0     5     0      2    -259
       0   0      0     5     0      3    -257
       0   0      0     5     0      4    -260
       0   0      0     5     0      5    -258
       0   0      0     5     0      7    -253
       0   0      0     5     0      8    -260
       0   0      0     5     0      9    -257
       0   0      0     5     0     10    -254
       0   0      0     5     0     11    -263
       0   0      0     5     0     12    -262
       0   0      0     5     0     13    -258
       0   0      0     5     0     14    -259
       0   0      0     5     0     15    -256
       0   0      0     5     0     16    -256
       0   0      0     5     0     17    -259
       0   0      0     5     0     18    -256
       0   0      0     5     0     19    -261
       0   0      0     5     0     20    -261
       0   0      0     5     0     21    -260
       0   0      0     5     0     22    -259
       0   0      0     5     0     23    -258
       0   0      0     5     0     24    -258
       0   0      0     5     0     25    -252
       0   0      0     5     0     26    -254
       0   0      0     5     0     27    -257
       0   0      0     5     0     28    -256
       0   0      0     5     0     31    -255
       0   0      0     5     0     32    -260
       0   0      0     5     0     33    -256
       0   0      0     5     0     34    -263
       0   0      0     5     0     35    -256
       0   0      0     5     0     36    -257
       0   0      0     5     0     37    -258
       0   0      0     5     0     38    -260
       0   0      0     5     0     39    -258
       0   0      0     5     0     40    -257
       0   0      0     5     0     41    -257
       0   0      0     5     0     42    -259
       0   0      0     5     0     43    -255
       0   0      0     5     0     44    -259
       0   0      0     5     0     45    -259
       0   0      0     5     0     46    -255
       0   0      0     5     0     47    -258
       0   0      0     5     0     50    -258
       0   0      0     5     0     51    -256
       0   0      0     5     0     52    -253
       0   0      0     5     0     53    -259
       0   0      0     5     0     54    -254
       0   0      0     5     0     57    -258
       0   0      0     5     1      1    -258
       0   0      0     5     1      2    -269
       0   0      0     5     1      3    -270
       0   0      0     5     1      4    -259
       0   0      0     5     1      5    -255
       0   0      0     5     1      6    -256
       0   0      0     5     1      7    -256
       0   0      0     5     1     10    -256
       0   0      0     5     1     11    -258
       0   0      0     5     1     12    -258
       0   0      0     5     1     13    -259
       0   0      0     5     1     14    -257
       0   0      0     5     1     15    -263
       0   0      0     5     1     16    -256
       0   0      0     5     1     17    -259
       0   0      0     5     1     18    -256
       0   0      0     5     1     19    -256
       0   0      0     5     1     20    -252
       0   0      0     5     1     21    -256
       0   0      0     5     1     22    -262
       0   0      0     5     1     23    -260
       0   0      0     5     1     24    -256
       0   0      0     5     1     25    -259
       0   0      0     5     1     26    -259
       0   0      0     5     1     27    -255
       0   0      0     5     1     28    -256
       0   0      0     5     1     29    -253
       0   0      0     5     1     30    -250
       0   0      0     5     1     31    -253
       0   0      0     5     1     32    -259
       0   0      0     5     1     34    -258
       0   0      0     5     1     35    -260
       0   0      0     5     1     36    -258
       0   0      0     5     1     37    -258
       0   0      0     5     1     38    -256
       0   0      0     5     1     39    -256
       0   0      0     5     1     40    -260
       0   0      0     5     1     41    -268
       0   0      0     5     1     43    -256
       0   0      0     5     1     44    -255
       0   0      0     5     1     45    -259
       0   0      0     5     1     46    -254
       0   0      0     5     1     47    -255
       0   0      0     5     1     48    -254
       0   0      0     5     1     49    -255
       0   0      0     5     1     50    -255
       0   0      0     5     1     51    -258
       0   0      0     5     1     52    -260
       0   0      0     5     1     54    -253
       0   0      0     5     1     56    -258
       0   0      0     5     1     57    -257
       0   0      0     5     1     58    -258
       0   0      0     5     1     59    -258
       0   0      0     5     1     60    -258
       0   0      0     6     0      0    -262
       0   0      0     6     0      1    -263
       0   0      0     6     0      2    -261
       0   0      0     6     0      3    -259
       0   0      0     6     0      4    -261
       0   0      0     6     0      5    -261
       0   0      0     6     0      6    -263
       0   0      0     6     0      7    -266
       0   0      0     6     0      8    -267
       0   0      0     6     0      9    -264
       0   0      0     6     0     10    -266
       0   0      0     6     0     11    -267
       0   0      0     6     0     12    -268
       0   0      0     6     0     13    -266
       0   0      0     6     0     14    -261
       0   0      0     6     0     15    -258
       0   0      0     6     0     16    -265
       0   0      0     6     0     17    -266
       0   0      0     6     0     18    -262
       0   0      0     6     0     19    -265
       0   0      0     6     0     20    -262
       0   0      0     6     0     21    -264
       0   0      0     6     0     22    -263
       0   0      0     6     0     23    -264
       0   0      0     6     0     24    -262
       0   0      0     6     0     25    -264
       0   0      0     6     0     26    -263
       0   0      0     6     0     27    -265
       0   0      0     6     0     28    -261
       0   0      0     6     0     29    -264
       0   0      0     6     0     30    -261
       0   0      0     6     0     31    -262
       0   0      0     6     0     32    -261
       0   0      0     6     0     33    -266
       0   0      0     6     0     34    -262
       0   0      0     6     0     35    -265
       0   0      0     6     0     36    -263
       0   0      0     6     0     37    -262
       0   0      0     6     0     38    -263
       0   0      0     6     0     39    -265
       0   0      0     6     0     40    -259
       0   0      0     6     0     41    -266
       0   0      0     6     0     42    -263
       0   0      0     6     0     43    -265
       0   0      0     6     0     44    -265
       0   0      0     6     0     46    -267
       0   0      0     6     0     47    -260
       0   0      0     6     0     48    -261
       0   0      0     6     0     49    -261
       0   0      0     6     0     50    -264
       0   0      0     6     0     51    -263
       0   0      0     6     0     52    -262
       0   0      0     6     0     53    -265
       0   0      0     6     0     54    -261
       0   0      0     6     0     56    -259
       0   0      0     6     0     57    -262
       0   0      0     6     1      1    -263
       0   0      0     6     1      2    -259
       0   0      0     6     1      3    -265
       0   0      0     6     1      4    -264
       0   0      0     6     1      5    -265
       0   0      0     6     1      6    -261
       0   0      0     6     1      7    -263
       0   0      0     6     1      9    -262
       0   0      0     6     1     10    -260
       0   0      0     6     1     11    -261
       0   0      0     6     1     12    -264
       0   0      0     6     1     13    -261
       0   0      0     6     1     14    -264
       0   0      0     6     1     15    -264
       0   0      0     6     1     16    -264
       0   0      0     6     1     17    -262
       0   0      0     6     1     18    -259
       0   0      0     6     1     19    -264
       0   0      0     6     1     20    -263
       0   0      0     6     1     21    -269
       0   0      0     6     1     22    -266
       0   0      0     6     1     23    -263
       0   0      0     6     1     24    -262
       0   0      0     6     1     25    -267
       0   0      0     6     1     26    -261
       0   0      0     6     1     27    -267
       0   0      0     6     1     28    -265
       0   0      0     6     1     29    -263
       0   0      0     6     1     30    -263
       0   0      0     6     1     31    -261
       0   0      0     6     1     32    -261
       0   0      0     6     1     33    -262
       0   0      0     6     1     34    -265
       0   0      0     6     1     35    -265
       0   0      0     6     1     36    -262
       0   0      0     6     1     37    -265
       0   0      0     6     1     38    -260
       0   0      0     6     1     39    -266
       0   0      0     6     1     40    -265
       0   0      0     6     1     41    -276
       0   0      0     6     1     42    -259
       0   0      0     6     1     43    -265
       0   0      0     6     1     44    -264
       0   0      0     6     1     45    -260
       0   0      0     6     1     46    -262
       0   0      0     6     1     47    -262
       0   0      0     6     1     48    -262
       0   0      0     6     1     49    -264
       0   0      0     6     1     50    -258
       0   0      0     6     1     51    -263
       0   0      0     6     1     52    -265
       0   0      0     6     1     53    -264
       0   0      0     6     1     54    -263
       0   0      0     6     1     55    -260
       0   0      0     6     1     56    -261
       0   0      0     6     1     58    -263
       0   0      0     6     1     59    -264
       0   0      0     6     1     60    -263
       0   0      0     7     0      1    -266
       0   0      0     7     0      2    -265
       0   0      0     7     0      5    -264
       0   0      0     7     0      6    -266
       0   0      0     7     0      7    -263
       0   0      0     7     0      8    -269
       0   0      0     7     0      9    -270
       0   0      0     7     0     11    -266
       0   0      0     7     0     12    -223
       0   0      0     7     0     13    -266
       0   0      0     7     0     14    -266
       0   0      0     7     0     15    -267
       0   0      0     7     0     16    -266
       0   0      0     7     0     17    -267
       0   0      0     7     0     18    -265
       0   0      0     7     0     19    -267
       0   0      0     7     0     20    -265
       0   0      0     7     0     21    -264
       0   0      0     7     0     22    -264
       0   0      0     7     0     23    -268
       0   0      0     7     0     24    -265
       0   0      0     7     0     26    -265
       0   0      0     7     0     27    -265
       0   0      0     7     0     29    -264
       0   0      0     7     0     30    -264
       0   0      0     7     0     32    -263
       0   0      0     7     0     33    -266
       0   0      0     7     0     34    -263
       0   0      0     7     0     35    -264
       0   0      0     7     0     36    -267
       0   0      0     7     0     37    -266
       0   0      0     7     0     38    -266
       0   0      0     7     0     39    -267
       0   0      0     7     0     40    -265
       0   0      0     7     0     41    -265
       0   0      0     7     0     42    -265
       0   0      0     7     0     43    -274
       0   0      0     7     0     44    -273
       0   0      0     7     0     45    -266
       0   0      0     7     0     46    -265
       0   0      0     7     0     47    -265
       0   0      0     7     0     48    -259
       0   0      0     7     0     49    -264
       0   0      0     7     0     50    -263
       0   0      0     7     0     51    -263
       0   0      0     7     0     52    -266
       0   0      0     7     0     53    -266
       0   0      0     7     0     54    -267
       0   0      0     7     1      0    -264
       0   0      0     7     1      1    -268
       0   0      0     7     1      2    -263
       0   0      0     7     1      3    -266
       0   0      0     7     1      4    -266
       0   0      0     7     1      5    -265
       0   0      0     7     1      6    -266
       0   0      0     7     1      7    -263
       0   0      0     7     1      8    -266
       0   0      0     7     1      9    -265
       0   0      0     7     1     10    -264
       0   0      0     7     1     11    -265
       0   0      0     7     1     12    -262
       0   0      0     7     1     13    -267
       0   0      0     7     1     14    -263
       0   0      0     7     1     15    -266
       0   0      0     7     1     17    -265
       0   0      0     7     1     18    -263
       0   0      0     7     1     19    -273
       0   0      0     7     1     20    -270
       0   0      0     7     1     21    -265
       0   0      0     7     1     22    -261
       0   0      0     7     1     23    -263
       0   0      0     7     1     24    -262
       0   0      0     7     1     25    -265
       0   0      0     7     1     26    -266
       0   0      0     7     1     28    -263
       0   0      0     7     1     29    -266
       0   0      0     7     1     30    -264
       0   0      0     7     1     31    -266
       0   0      0     7     1     32    -264
       0   0      0     7     1     35    -262
       0   0      0     7     1     36    -266
       0   0      0     7     1     37    -268
       0   0      0     7     1     38    -267
       0   0      0     7     1     39    -265
       0   0      0     7     1     40    -266
       0   0      0     7     1     41    -277
       0   0      0     7     1     42    -277
       0   0      0     7     1     43    -257
       0   0      0     7     1     44    -267
       0   0      0     7     1     45    -258
       0   0      0     7     1     46    -266
       0   0      0     7     1     48    -263
       0   0      0     7     1     49    -263
       0   0      0     7     1     50    -263
       0   0      0     7     1     51    -266
       0   0      0     7     1     52    -262
       0   0      0     7     1     53    -265
       0   0      0     7     1     54    -265
       0   0      0     7     1     55    -265
       0   0      0     7     1     56    -266
       0   0      0     7     1     57    -262
       0   0      0     7     1     58    -264
       0   0      0     7     1     59    -266
       0   0      0     7     1     60    -265
       0   0      0     8     0      0    -263
       0   0      0     8     0      1    -265
       0   0      0     8     0      2    -267
       0   0      0     8     0      3    -265
       0   0      0     8     0      4    -268
       0   0      0     8     0      5    -265
       0   0      0     8     0      6    -269
       0   0      0     8     0      7    -267
       0   0      0     8     0      8    -266
       0   0      0     8     0      9    -268
       0   0      0     8     0     10    -271
       0   0      0     8     0     11    -268
       0   0      0     8     0     12    -267
       0   0      0     8     0     13    -266
       0   0      0     8     0     14    -262
       0   0      0     8     0     16    -265
       0   0      0     8     0     17    -271
       0   0      0     8     0     18    -271
       0   0      0     8     0     19    -268
       0   0      0     8     0     21    -263
       0   0      0     8     0     22    -267
       0   0      0     8     0     23    -267
       0   0      0     8     0     24    -267
       0   0      0     8     0     25    -265
       0   0      0     8     0     26    -263
       0   0      0     8     0     27    -265
       0   0      0     8     0     28    -264
       0   0      0     8     0     29    -262
       0   0      0     8     0     30    -266
       0   0      0     8     0     31    -265
       0   0      0     8     0     32    -265
       0   0      0     8     0     33    -267
       0   0      0     8     0     34    -271
       0   0      0     8     0     36    -268
       0   0      0     8     0     37    -267
       0   0      0     8     0     38    -268
       0   0      0     8     0     40    -265
       0   0      0     8     0     42    -267
       0   0      0     8     0     43    -265
       0   0      0     8     0     45    -265
       0   0      0     8     0     46    -269
       0   0      0     8     0     47    -268
       0   0      0     8     0     48    -266
       0   0      0     8     0     49    -265
       0   0      0     8     0     50    -263
       0   0      0     8     0     51    -261
       0   0      0     8     0     52    -264
       0   0      0     8     0     54    -272
       0   0      0     8     1      0    -267
       0   0      0     8     1      1    -263
       0   0      0     8     1      2    -268
       0   0      0     8     1      3    -266
       0   0      0     8     1      4    -266
       0   0      0     8     1      5    -268
       0   0      0     8     1      6    -265
       0   0      0     8     1      8    -267
       0   0      0     8     1     10    -262
       0   0      0     8     1     11    -259
       0   0      0     8     1     12    -266
       0   0      0     8     1     13    -267
       0   0      0     8     1     14    -266
       0   0      0     8     1     15    -266
       0   0      0     8     1     16    -260
       0   0      0     8     1     17    -272
       0   0      0     8     1     18    -263
       0   0      0     8     1     19    -271
       0   0      0     8     1     20    -272
       0   0      0     8     1     21    -269
       0   0      0     8     1     22    -264
       0   0      0     8     1     23    -266
       0   0      0     8     1     24    -265
       0   0      0     8     1     25    -267
       0   0      0     8     1     26    -268
       0   0      0     8     1     27    -268
       0   0      0     8     1     28    -268
       0   0      0     8     1     29    -265
       0   0      0     8     1     30    -261
       0   0      0     8     1     31    -268
       0   0      0     8     1     32    -267
       0   0      0     8     1     34    -265
       0   0      0     8     1     35    -270
       0   0      0     8     1     36    -267
       0   0      0     8     1     37    -268
       0   0      0     8     1     38    -271
       0   0      0     8     1     39    -270
       0   0      0     8     1     40    -270
       0   0      0     8     1     41    -264
       0   0      0     8     1     42    -276
       0   0      0     8     1     43    -279
       0   0      0     8     1     44    -268
       0   0      0     8     1     45    -259
       0   0      0     8     1     46    -257
       0   0      0     8     1     47    -258
       0   0      0     8     1     48    -267
       0   0      0     8     1     49    -266
       0   0      0     8     1     50    -264
       0   0      0     8     1     51    -263
       0   0      0     8     1     52    -268
       0   0      0     8     1     54    -262
       0   0      0     8     1     55    -265
       0   0      0     8     1     56    -266
       0   0      0     8     1     57    -262
       0   0      0     8     1     58    -269
       0   0      0     8     1     59    -267
       0   0      0     8     1     60    -272
       0   0      0     9     0      1    -268
       0   0      0     9     0      2    -265
       0   0      0     9     0      4    -266
       0   0      0     9     0      5    -265
       0   0      0     9     0      6    -266
       0   0      0     9     0      7    -269
       0   0      0     9     0      8    -270
       0   0      0     9     0      9    -265
       0   0      0     9     0     10    -268
       0   0      0     9     0     12    -264
       0   0      0     9     0     13    -266
       0   0      0     9     0     14    -268
       0   0      0     9     0     15    -269
       0   0      0     9     0     16    -271
       0   0      0     9     0     17    -269
       0   0      0     9     0     18    -268
       0   0      0     9     0     19    -266
       0   0      0     9     0     20    -269
       0   0      0     9     0     21    -265
       0   0      0     9     0     23    -267
       0   0      0     9     0     24    -264
       0   0      0     9     0     25    -265
       0   0      0     9     0     26    -265
       0   0      0     9     0     27    -269
       0   0      0     9     0     28    -264
       0   0      0     9     0     29    -267
       0   0      0     9     0     30    -267
       0   0      0     9     0     31    -263
       0   0      0     9     0     32    -270
       0   0      0     9     0     33    -268
       0   0      0     9     0     34    -265
       0   0      0     9     0     35    -268
       0   0      0     9     0     36    -266
       0   0      0     9     0     37    -265
       0   0      0     9     0     38    -267
       0   0      0     9     0     39    -269
       0   0      0     9     0     40    -278
       0   0      0     9     0     41    -267
       0   0      0     9     0     42    -266
       0   0      0     9     0     43    -268
       0   0      0     9     0     44    -267
       0   0      0     9     0     45    -269
       0   0      0     9     0     46    -271
       0   0      0     9     0     47    -267
       0   0      0     9     0     48    -272
       0   0      0     9     0     49    -261
       0   0      0     9     0     50    -263
       0   0      0     9     0     51    -263
       0   0      0     9     0     52    -270
       0   0      0     9     0     53    -268
       0   0      0     9     0     57    -274
       0   0      0     9     1      0    -269
       0   0      0     9     1      1    -265
       0   0      0     9     1      2    -263
       0   0      0     9     1      3    -272
       0   0      0     9     1      5    -266
       0   0      0     9     1      6    -265
       0   0      0     9     1      7    -269
       0   0      0     9     1      8    -270
       0   0      0     9     1      9    -266
       0   0      0     9     1     10    -268
       0   0      0     9     1     11    -268
       0   0      0     9     1     12    -266
       0   0      0     9     1     13    -266
       0   0      0     9     1     14    -265
       0   0      0     9     1     15    -268
       0   0      0     9     1     16    -264
       0   0      0     9     1     17    -275
       0   0      0     9     1     18    -266
       0   0      0     9     1     19    -267
       0   0      0     9     1     20    -270
       0   0      0     9     1     21    -271
       0   0      0     9     1     22    -266
       0   0      0     9     1     23    -269
       0   0      0     9     1     24    -262
       0   0      0     9     1     25    -278
       0   0      0     9     1     26    -268
       0   0      0     9     1     27    -265
       0   0      0     9     1     28    -264
       0   0      0     9     1     29    -266
       0   0      0     9     1     30    -267
       0   0      0     9     1     31    -263
       0   0      0     9     1     32    -268
       0   0      0     9     1     33    -266
       0   0      0     9     1     34    -269
       0   0      0     9     1     35    -265
       0   0      0     9     1     36    -267
       0   0      0     9     1     37    -264
       0   0      0     9     1     38    -266
       0   0      0     9     1     39    -268
       0   0      0     9     1     40    -270
       0   0      0     9     1     41    -267
       0   0      0     9     1     42    -267
       0   0      0     9     1     43    -279
       0   0      0     9     1     44    -264
       0   0      0     9     1     45    -270
       0   0      0     9     1     47    -267
       0   0      0     9     1     48    -265
       0   0      0     9     1     50    -263
       0   0      0     9     1     51    -263
       0   0      0     9     1     52    -267
       0   0      0     9     1     53    -266
       0   0      0     9     1     54    -266
       0   0      0     9     1     55    -263
       0   0      0     9     1     56    -264
       0   0      0     9     1     57    -265
       0   0      0     9     1     58    -262
       0   0      0     9     1     59    -266
       0   0      0     9     1     60    -266
